1978
1978
1978
1978
1978
1978
1978
1978
1978
1978
1976
1976
1979
1977
1975
1978
1978
1977
1979
1978
1976
1976
1977
1977
1976
1976
1977
1976
1977
1967
1985
1983
1986
1982
1967
1973
1979
1979
1980
1980
1982
1984
1980
1980
1979
1974
1975
1975
1975
1976
1974
1974
1975
1977
1977
1974
1973
1976
1973
1977
1975
1974
1976
1977
1975
1979
1977
1977
1975
1977
1979
1976
1975
1974
1975
1974
1976
1974
1975
1974
1976
1975
1974
1975
1974
1978
1978
1977
1978
1976
1977
1978
1978
1978
1976
1979
1969
1976
2000
1974
1976
1977
1974
1977
1978
1977
1978
1978
1978
1977
1977
2000
1978
2020
1979
1978
1977
1978
1978
1978
1979
1978
1980
1978
1978
1978
1980
2018
1978
1978
1979
1978
1980
1978
1979
1980
1978
2008
1978
1978
1978
1978
1977
1977
1981
1974
1985
1981
1979
1978
1978
1979
1978
1979
1979
1979
1979
1979
1979
1980
1979
1980
1975
1976
1972
1980
1978
1970
1972
1975
1972
1981
1981
1982
1983
1981
1981
1981
1982
1984
1978
1979
1973
1972
1973
1974
1973
1974
1973
1985
1981
1980
1980
1976
1979
1980
1981
1981
1979
1979
1979
1979
1977
1978
1975
1978
1979
1979
1979
1979
1978
1976
1979
1981
1978
1977
1975
1975
1975
1977
1978
1977
1978
1972
1974
1973
1973
1974
1973
1973
1980
1976
1980
1975
1975
1969
1970
1985
1983
1981
1981
1981
1982
1984
1978
1982
1975
1975
1975
1975
1983
1979
1975
1973
1977
1977
1973
1973
1974
1973
1973
1978
1979
1981
1981
1978
1978
1979
1979
1980
1980
1979
1980
1980
1980
1981
1981
1981
1981
1981
1982
1980
1977
1980
1982
1980
1981
1985
1981
1980
1975
1975
1972
1975
1975
1973
1975
1976
1977
1976
1977
1978
1979
1980
1977
1978
1979
1978
1971
1972
1971
1971
1971
1970
1977
1974
1975
1979
1974
1975
1975
1975
1974
1971
1979
1981
1982
1979
1979
1970
1970
1976
1969
1971
1974
1971
1970
1972
1973
1977
1976
1978
1978
1978
1978
1977
1976
1976
1974
1975
1978
1983
1982
1981
1981
1981
1978
1978
1978
1978
1978
1979
1980
1980
1981
1980
1980
1980
1980
1980
1980
1980
1980
1975
1972
1979
1979
1980
1979
1979
1980
1979
1980
1980
1979
1980
1980
1981
1980
1980
1978
1972
1973
1977
1973
1975
1975
1975
1975
1976
1974
1972
1979
1979
1979
1979
1979
1979
1978
1979
1994
1980
1980
1977
1980
1973
1974
1973
1975
1974
1975
1977
1974
1975
1979
1978
1979
1979
1979
1979
1979
1979
1979
1979
1978
1981
1981
1979
1979
1983
1981
1981
1981
1978
1981
1981
1981
1976
1978
1976
1976
1978
1978
1978
1979
1977
1977
1983
1978
1977
1974
1975
1979
1978
1974
1982
1983
1982
1982
1982
1981
1980
1983
1980
1980
1982
1981
1981
1980
1982
1981
1981
1982
1976
1975
1975
1976
1976
1976
1975
1975
1979
1985
1980
1978
1979
1976
1985
1983
1979
1979
1979
1981
1987
1979
1980
1980
1982
1980
1977
1982
1980
1976
1976
1980
1976
1977
1972
1978
1978
1978
1978
1979
1978
1978
1978
1977
1977
1977
1979
1978
1978
1978
1978
1976
1976
1975
1976
1974
1974
1978
1978
1979
1978
1978
1980
1978
1979
1977
1977
1977
1977
1980
1981
1981
1981
1984
1981
1977
1978
1978
1980
1980
1979
1979
1981
1980
1980
1981
1980
1982
1983
1980
1975
1975
1978
1976
1969
1975
1973
1978
1980
1978
1976
1980
1979
1978
1984
1980
1973
1972
1973
1975
1975
1976
1972
1976
1975
1976
1978
1984
1985
1979
1980
1982
1984
1983
1984
1981
1973
1984
1976
1978
1976
1978
1978
1976
1976
1978
1979
1977
1978
1977
1981
1983
1980
1981
1978
1977
1977
1977
1975
1976
1975
1974
1972
1974
1973
1976
1979
1977
1973
1973
1974
1975
1976
1974
1973
1973
1973
1977
1977
1976
1979
1974
1978
1975
1976
1976
1977
1975
1976
1975
1975
1976
1979
1979
1980
1980
1980
1987
1987
1980
1976
1977
1977
1977
1978
1979
1976
1978
1976
1976
1976
1976
1977
1976
1976
1976
1976
1977
1981
1981
1981
1982
1981
1975
1975
1975
1975
1972
1976
1976
1976
1976
1976
1976
1976
1979
1978
1979
1978
1977
1978
1978
1979
1979
1979
1979
1979
1979
1979
1979
1979